

 9.18335905035E-0002
 1.52449663824E+0003
       823        546   45379.616164178238
       815        495   45379.616223958336
       761        460   45379.616280717593
       788        439   45379.616338171298
       753        373   45379.616396979167
       750        344   45379.616454108793
       716        357   45379.616511851855
       713        278   45379.616569456019
       716        271   45379.616627488424
       647        247   45379.616687893518
       686        252   45379.616743090279
       687        276   45379.616801527780
       667        242   45379.616858738424
       642        232   45379.616917627318
       662        277   45379.616975289355
       640        258   45379.617032581016
       602        235   45379.617089710650
       570        195   45379.617148206016
       552        236   45379.617206041665
       578        200   45379.617264201392
       515        177   45379.617322638886
       512        219   45379.617380590280
       496        253   45379.617439444446
       508        231   45379.617496261577
       512        170   45379.617554305558
       519        122   45379.617611504633
       530        153   45379.617667638886
       569        131   45379.617728692130
       583        136   45379.617784953705
       538        154   45379.617842476851
       541        133   45379.617900497688
       555        151   45379.617958229166
       538        162   45379.618016458335
       552        151   45379.618073981481
       543        112   45379.618131724536
