

 9.18335905035E-0002
 1.52449663824E+0003
       779        453   45379.604995856484
       779        504   45379.605053240739
       712        489   45379.605110844910
       683        515   45379.605168750000
       701        473   45379.605221874997
       730        461   45379.605284548612
       720        435   45379.605342488423
       718        416   45379.605400532404
       782        389   45379.605458310187
       801        327   45379.605516168980
       810        313   45379.605574675923
       756        301   45379.605631574072
       809        301   45379.605691249999
       774        296   45379.605747592592
       743        260   45379.605806423613
       787        317   45379.605864953701
       702        190   45379.605921388888
       720        127   45379.605979618056
       757         91   45379.606045682871
       713        113   45379.606094930554
       669        137   45379.606153553243
       629        144   45379.606205821758
       578        111   45379.606272685189
       548         98   45379.606326967594
       538         56   45379.606384155093
