

 9.18335905035E-0002
 1.52449663824E+0003
       626        465   45379.642652986113
       574        463   45379.642709930558
       592        473   45379.642768321763
       562        437   45379.642826481482
       567        392   45379.642883530090
       579        375   45379.642941898150
       607        395   45379.642999710646
       582        432   45379.643056655092
       562        414   45379.643115069448
       605        386   45379.643172881944
       543        438   45379.643230868052
       504        473   45379.643292604167
       531        527   45379.643346331017
       496        500   45379.643405416668
       473        458   45379.643462291664
       508        464   45379.643520601851
       466        480   45379.643576516202
       483        482   45379.643636319444
       459        495   45379.643693819446
       444        519   45379.643751863427
       467        528   45379.643809143519
       415        544   45379.643867326391
       367        557   45379.643925451390
       297        604   45379.643977361113
       317        619   45379.644040914354
