

 9.18335905035E-0002
 1.52449663824E+0003
       720        522   45379.637676504630
       749        551   45379.637734282405
       714        542   45379.637790879628
       706        482   45379.637848657410
       696        511   45379.637908819444
       707        551   45379.637964374997
       721        503   45379.638023483800
       749        490   45379.638089409724
       750        521   45379.638139189818
       743        413   45379.638196967593
       740        376   45379.638254259262
       802        417   45379.638311724535
       818        455   45379.638369930559
       816        475   45379.638428032406
       862        466   45379.638485798612
       832        500   45379.638545381946
       841        510   45379.638602222221
       815        516   45379.638658981479
       812        497   45379.638717986112
       787        489   45379.638774282408
       783        507   45379.638832812503
       806        475   45379.638890798611
       804        439   45379.638948333333
       805        442   45379.639006631944
       830        462   45379.639064317133
       836        417   45379.639122199071
       789        400   45379.639180393519
       765        457   45379.639237858799
       784        471   45379.639296168978
       800        505   45379.639353807870
       837        532   45379.639411643519
       931        537   45379.639469305555
       962        537   45379.639527175925
       960        611   45379.639585138888
       950        711   45379.639643194445
       958        726   45379.639703333334
       972        707   45379.639758784724
       951        703   45379.639816516203
       974        742   45379.639874166664
       977        715   45379.639932615741
       931        709   45379.639989594907
       911        718   45379.640047685185
       984        735   45379.640105219907
       966        748   45379.640163993056
       929        748   45379.640221111113
       928        765   45379.640278877312
       900        778   45379.640337719909
       895        800   45379.640390000001
       872        847   45379.640454814813
       916        853   45379.640511643520
       873        822   45379.640569293981
       851        858   45379.640630358794
