

 9.18335905035E-0002
 1.52449663824E+0003
       813        493   45379.633740219906
       842        488   45379.633793923611
       815        485   45379.633856307868
       805        491   45379.633913634258
       757        474   45379.633972719908
       757        493   45379.634030590278
       777        516   45379.634087048609
       770        459   45379.634144722222
       788        468   45379.634203854170
       774        496   45379.634261226849
       803        500   45379.634318773147
       799        511   45379.634378090275
       820        528   45379.634434432868
       859        487   45379.634493055557
       851        500   45379.634550092589
       849        486   45379.634610266206
       864        488   45379.634667233797
       815        493   45379.634724664349
       797        514   45379.634781469904
       829        534   45379.634839710649
       806        529   45379.634896956020
       813        509   45379.634947986109
       840        524   45379.635013807871
       805        520   45379.635072152778
       778        492   45379.635130775459
       810        480   45379.635187210646
       789        543   45379.635244861114
       793        552   45379.635304004631
       737        584   45379.635361099536
       750        605   45379.635418263890
       740        640   45379.635475949071
       753        620   45379.635534212961
       757        665   45379.635592037041
       769        694   45379.635649965276
       773        708   45379.635708773145
       752        700   45379.635762303238
       789        712   45379.635822662036
       825        689   45379.635881099537
       813        713   45379.635938761574
       775        664   45379.635997199075
       781        678   45379.636056226853
       790        676   45379.636113865738
       766        667   45379.636170277780
       802        680   45379.636228750002
       765        715   45379.636286886576
       778        724   45379.636345046296
       762        686   45379.636401724536
       794        683   45379.636459560184
