

 9.18335905035E-0002
 1.52449663824E+0003
       589        416   45379.607369548612
       612        356   45379.607426678238
       623        378   45379.607484328706
       591        321   45379.607541354169
       558        305   45379.607600856485
       586        277   45379.607657291665
       549        271   45379.607715312501
       484        230   45379.607772442127
       518        238   45379.607831412039
       534        233   45379.607890844905
       488        197   45379.607946481483
       513        254   45379.608005347225
       466        219   45379.608063749998
       461        246   45379.608119884259
       474        275   45379.608179224539
       461        275   45379.608236423614
       402        261   45379.608293402780
       429        236   45379.608352164352
       392        222   45379.608409861110
       405        193   45379.608468530096
       427        228   45379.608526620374
       436        252   45379.608584074071
       386        276   45379.608643993059
       363        339   45379.608698877317
       306        301   45379.608756307869
