

 9.18335905035E-0002
 1.52449663824E+0003
       785        509   45379.645314166664
       749        533   45379.645372268518
       786        568   45379.645430405093
       780        472   45379.645487962960
       761        505   45379.645545416664
       794        481   45379.645603564815
       821        448   45379.645661469906
       772        458   45379.645718796295
       757        285   45379.645779918981
       728        233   45379.645835416668
       707        266   45379.645893402776
       701        307   45379.645950381942
       680        340   45379.646008773147
       676        305   45379.646066412039
       711        274   45379.646125150466
       717        278   45379.646182777775
       783        272   45379.646241296294
       763        331   45379.646297384257
       752        378   45379.646355972225
       749        414   45379.646414687501
       735        383   45379.646473194443
       753        325   45379.646529849539
       736        283   45379.646588622687
       785        260   45379.646645717592
       769        208   45379.646703136576
       755        237   45379.646749375002
       709        236   45379.646819606482
       701        250   45379.646877384257
       710        206   45379.646934837962
       689        223   45379.646994467592
       733        207   45379.647051145832
       679        226   45379.647107789351
       637        180   45379.647165798611
       659        224   45379.647224386572
       675        246   45379.647282175924
       654        235   45379.647339687501
       646        277   45379.647398472225
       609        159   45379.647455081016
       612        226   45379.647513333330
       622        201   45379.647571388887
       577        254   45379.647628900464
       537        225   45379.647686504628
       519        173   45379.647746296294
       530        137   45379.647802766202
       588        119   45379.647860347221
       530        116   45379.647918564813
       497        139   45379.647976446759
       447        136   45379.648034571757
       406        161   45379.648091851850
       407        193   45379.648150092595
       383        247   45379.648208229170
       321        265   45379.648265937503
       351        312   45379.648323611109
       343        325   45379.648385300927
       308        345   45379.648438923614
       301        297   45379.648496793983
       227        307   45379.648554826388
       134        260   45379.648612939818
       131        316   45379.648670960647
