

 9.18335905035E-0002
 1.52449663824E+0003
       613        591   45379.630270405090
       552        575   45379.630325763887
       516        535   45379.630382951385
       494        557   45379.630441620371
       455        599   45379.630498749997
       362        618   45379.630556701392
       335        578   45379.630614432870
       363        566   45379.630673101849
       367        591   45379.630731412035
       362        608   45379.630788923612
       338        549   45379.630848738423
       360        584   45379.630905474536
       297        603   45379.630962743053
       263        575   45379.631020000001
       278        559   45379.631078263890
       306        623   45379.631141331018
       306        621   45379.631195289352
       328        607   45379.631255034721
       343        652   45379.631310277779
       295        654   45379.631367094909
       227        652   45379.631425925923
       171        622   45379.631483344907
       185        589   45379.631541932868
       199        671   45379.631600763889
       220        629   45379.631656724538
       149        660   45379.631714328702
       192        667   45379.631772951390
       188        609   45379.631835289350
       155        595   45379.631888425924
       180        680   45379.631947314818
       182        724   45379.632005833337
       152        757   45379.632061435186
       133        749   45379.632119722221
       179        784   45379.632177800922
       132        803   45379.632235312500
       155        810   45379.632293067130
