

 9.18335905035E-0002
 1.52449663824E+0003
       874        299   45379.586778807869
       870        238   45379.586837268522
       927        242   45379.586892442130
       845        218   45379.586949317127
       843        222   45379.587007256945
       823        258   45379.587058495374
       853        275   45379.587114386573
       822        284   45379.587172083331
       789        348   45379.587230763886
       820        333   45379.587292974538
       806        319   45379.587346539352
       842        307   45379.587403171296
       882        338   45379.587460578703
       852        385   45379.587524224538
       922        359   45379.587577569444
       930        408   45379.587634479169
       870        370   45379.587698240743
       901        332   45379.587751851854
       908        279   45379.587811956022
       899        308   45379.587871643518
       795        302   45379.587923576386
       751        270   45379.587986550927
       748        325   45379.588042361109
       771        227   45379.588101736110
       819        189   45379.588154780089
       842        169   45379.588213553237
       831        217   45379.588272546294
       827        262   45379.588334108797
       775        280   45379.588387222226
       734        313   45379.588443935187
       747        320   45379.588504432868
       724        366   45379.588559537035
       713        323   45379.588620972223
       690        375   45379.588676550928
       743        443   45379.588733854165
       744        423   45379.588792511575
       756        479   45379.588852476853
       724        425   45379.588910995371
       732        428   45379.588967673612
       705        412   45379.589025763889
       732        393   45379.589084027779
       722        371   45379.589143761572
       712        366   45379.589202696756
       677        327   45379.589259189816
       711        317   45379.589313796299
       684        315   45379.589380856480
       736        343   45379.589431030094
       727        295   45379.589488726851
       732        350   45379.589545775460
       678        363   45379.589601481479
       753        519   45379.589655138887
